<?xml version="1.0" encoding="utf-8"?>
<COLLADA xmlns="http://www.collada.org/2005/11/COLLADASchema" version="1.4.1">
  <asset><contributor><author></author><authoring_tool>FBX COLLADA exporter</authoring_tool><comments></comments></contributor><created>2022-02-12T16:38:21Z</created><keywords></keywords><modified>2022-02-12T16:38:21Z</modified><revision></revision><subject></subject><title></title><unit meter="0.001000" name="centimeter"></unit><up_axis>Y_UP</up_axis></asset>
  <library_materials>
    <material id="Ceramic/Porcelain Navy Blue" name="Ceramic/Porcelain Navy Blue">
      <instance_effect url="#Ceramic/Porcelain Navy Blue-fx"/>
    </material>
  </library_materials>
  <library_effects>
    <effect id="Ceramic/Porcelain Navy Blue-fx" name="Ceramic/Porcelain Navy Blue">
      <profile_COMMON>
        <technique sid="standard">
          <phong>
            <emission>
              <color sid="emission">0.000000  0.000000 0.000000 1.000000</color>
            </emission>
            <ambient>
              <color sid="ambient">0.000000  0.000000 0.000000 1.000000</color>
            </ambient>
            <diffuse>
              <color sid="diffuse">0.000000  0.000000 0.000000 1.000000</color>
            </diffuse>
            <specular>
              <color sid="specular">0.000000  0.000000 0.000000 1.000000</color>
            </specular>
          </phong>
        </technique>
      </profile_COMMON>
    </effect>
  </library_effects>
  <library_geometries>
    <geometry id="ChamferBox001-lib" name="ChamferBox001Mesh">
      <mesh>
        <source id="ChamferBox001-POSITION">
          <float_array id="ChamferBox001-POSITION-array" count="312">
-48.000000 48.000000 50.000000
48.000000 48.000000 50.000000
-48.000000 -48.000000 50.000000
48.000000 -48.000000 50.000000
-48.000000 49.000000 49.732056
-48.500000 48.866024 49.732056
-48.866024 48.500000 49.732056
-49.000000 48.000000 49.732056
-49.000000 -48.000000 49.732056
-48.866024 -48.500000 49.732056
-48.500000 -48.866024 49.732056
-48.000000 -49.000000 49.732056
48.000000 -49.000000 49.732056
48.500000 -48.866024 49.732056
48.866024 -48.500000 49.732056
49.000000 -48.000000 49.732056
49.000000 48.000000 49.732056
48.866024 48.500000 49.732056
48.500000 48.866024 49.732056
48.000000 49.000000 49.732056
-48.000000 49.732052 49.000000
-48.866024 49.500000 49.000000
-49.500000 48.866024 49.000000
-49.732052 48.000000 49.000000
-49.732052 -48.000000 49.000000
-49.500000 -48.866024 49.000000
-48.866024 -49.500000 49.000000
-48.000000 -49.732052 49.000000
48.000000 -49.732052 49.000000
48.866024 -49.500000 49.000000
49.500000 -48.866024 49.000000
49.732052 -48.000000 49.000000
49.732052 48.000000 49.000000
49.500000 48.866024 49.000000
48.866024 49.500000 49.000000
48.000000 49.732052 49.000000
-48.000000 50.000000 48.000000
-49.000000 49.732052 48.000000
-49.732052 49.000000 48.000000
-50.000000 48.000000 48.000000
-50.000000 -48.000000 48.000000
-49.732052 -49.000000 48.000000
-49.000000 -49.732052 48.000000
-48.000000 -50.000000 48.000000
48.000000 -50.000000 48.000000
49.000000 -49.732052 48.000000
49.732052 -49.000000 48.000000
50.000000 -48.000000 48.000000
50.000000 48.000000 48.000000
49.732052 49.000000 48.000000
49.000000 49.732052 48.000000
48.000000 50.000000 48.000000
-48.000000 50.000000 -48.000000
-49.000000 49.732052 -48.000000
-49.732052 49.000000 -48.000000
-50.000000 48.000000 -48.000000
-50.000000 -48.000000 -48.000000
-49.732052 -49.000000 -48.000000
-49.000000 -49.732052 -48.000000
-48.000000 -50.000000 -48.000000
48.000000 -50.000000 -48.000000
49.000000 -49.732052 -48.000000
49.732052 -49.000000 -48.000000
50.000000 -48.000000 -48.000000
50.000000 48.000000 -48.000000
49.732052 49.000000 -48.000000
49.000000 49.732052 -48.000000
48.000000 50.000000 -48.000000
-48.000000 49.732052 -49.000000
-48.866024 49.500000 -49.000000
-49.500000 48.866024 -49.000000
-49.732052 48.000000 -49.000000
-49.732052 -48.000000 -49.000000
-49.500000 -48.866024 -49.000000
-48.866024 -49.500000 -49.000000
-48.000000 -49.732052 -49.000000
48.000000 -49.732052 -49.000000
48.866024 -49.500000 -49.000000
49.500000 -48.866024 -49.000000
49.732052 -48.000000 -49.000000
49.732052 48.000000 -49.000000
49.500000 48.866024 -49.000000
48.866024 49.500000 -49.000000
48.000000 49.732052 -49.000000
-48.000000 49.000000 -49.732052
-48.500000 48.866024 -49.732052
-48.866024 48.500000 -49.732052
-49.000000 48.000000 -49.732052
-49.000000 -48.000000 -49.732052
-48.866024 -48.500000 -49.732052
-48.500000 -48.866024 -49.732052
-48.000000 -49.000000 -49.732052
48.000000 -49.000000 -49.732052
48.500000 -48.866024 -49.732052
48.866024 -48.500000 -49.732052
49.000000 -48.000000 -49.732052
49.000000 48.000000 -49.732052
48.866024 48.500000 -49.732052
48.500000 48.866024 -49.732052
48.000000 49.000000 -49.732052
48.000000 -48.000000 -50.000000
-48.000000 -48.000000 -50.000000
48.000000 48.000000 -50.000000
-48.000000 48.000000 -50.000000
</float_array>
          <technique_common>
            <accessor source="#ChamferBox001-POSITION-array" count="104" stride="3">
              <param name="X" type="float"/>
              <param name="Y" type="float"/>
              <param name="Z" type="float"/>
            </accessor>
          </technique_common>
        </source>
        <source id="ChamferBox001-Normal0">
          <float_array id="ChamferBox001-Normal0-array" count="1836">
-0.108728 0.108728 0.988108
-0.108728 -0.108728 0.988108
0.108728 -0.108728 0.988108
-0.108728 0.108728 0.988108
0.108728 -0.108728 0.988108
0.108728 0.108728 0.988108
-0.108728 0.108728 0.988108
-0.069812 0.514025 0.854930
-0.265451 0.459772 0.847435
-0.108728 0.108728 0.988108
-0.265451 0.459772 0.847435
-0.459772 0.265451 0.847435
-0.108728 0.108728 0.988108
-0.459772 0.265451 0.847435
-0.514025 0.069812 0.854930
-0.108728 0.108728 0.988108
-0.514025 0.069812 0.854930
-0.514025 -0.069812 0.854930
-0.108728 0.108728 0.988108
-0.514025 -0.069812 0.854930
-0.108728 -0.108728 0.988108
-0.108728 -0.108728 0.988108
-0.514025 -0.069812 0.854930
-0.459772 -0.265451 0.847435
-0.108728 -0.108728 0.988108
-0.459772 -0.265451 0.847435
-0.265451 -0.459772 0.847435
-0.108728 -0.108728 0.988108
-0.265451 -0.459772 0.847435
-0.069812 -0.514025 0.854930
-0.108728 -0.108728 0.988108
-0.069812 -0.514025 0.854930
0.069812 -0.514025 0.854930
-0.108728 -0.108728 0.988108
0.069812 -0.514025 0.854930
0.108728 -0.108728 0.988108
0.108728 -0.108728 0.988108
0.069812 -0.514025 0.854930
0.265451 -0.459772 0.847435
0.108728 -0.108728 0.988108
0.265451 -0.459772 0.847435
0.459772 -0.265451 0.847435
0.108728 -0.108728 0.988108
0.459772 -0.265451 0.847435
0.514025 -0.069812 0.854930
0.108728 -0.108728 0.988108
0.514025 -0.069812 0.854930
0.514025 0.069812 0.854930
0.108728 -0.108728 0.988108
0.514025 0.069812 0.854930
0.108728 0.108728 0.988108
0.108728 0.108728 0.988108
0.514025 0.069812 0.854930
0.459772 0.265451 0.847435
0.108728 0.108728 0.988108
0.459772 0.265451 0.847435
0.265451 0.459772 0.847435
0.108728 0.108728 0.988108
0.265451 0.459772 0.847435
0.069812 0.514025 0.854930
0.108728 0.108728 0.988108
0.069812 0.514025 0.854930
-0.069812 0.514025 0.854930
0.108728 0.108728 0.988108
-0.069812 0.514025 0.854930
-0.108728 0.108728 0.988108
-0.069812 0.514025 0.854930
-0.112922 0.865322 0.488331
-0.437992 0.758624 0.482341
-0.069812 0.514025 0.854930
-0.437992 0.758624 0.482341
-0.265451 0.459772 0.847435
-0.265451 0.459772 0.847435
-0.437992 0.758624 0.482341
-0.758624 0.437992 0.482341
-0.265451 0.459772 0.847435
-0.758624 0.437992 0.482341
-0.459772 0.265451 0.847435
-0.459772 0.265451 0.847435
-0.758624 0.437992 0.482341
-0.865322 0.112922 0.488331
-0.459772 0.265451 0.847435
-0.865322 0.112922 0.488331
-0.514025 0.069812 0.854930
-0.514025 0.069812 0.854930
-0.865322 0.112922 0.488331
-0.865322 -0.112922 0.488331
-0.514025 0.069812 0.854930
-0.865322 -0.112922 0.488331
-0.514025 -0.069812 0.854930
-0.514025 -0.069812 0.854930
-0.865322 -0.112922 0.488331
-0.758624 -0.437992 0.482341
-0.514025 -0.069812 0.854930
-0.758624 -0.437992 0.482341
-0.459772 -0.265451 0.847435
-0.459772 -0.265451 0.847435
-0.758624 -0.437992 0.482341
-0.437992 -0.758624 0.482341
-0.459772 -0.265451 0.847435
-0.437992 -0.758624 0.482341
-0.265451 -0.459772 0.847435
-0.265451 -0.459772 0.847435
-0.437992 -0.758624 0.482341
-0.112922 -0.865322 0.488331
-0.265451 -0.459772 0.847435
-0.112922 -0.865322 0.488331
-0.069812 -0.514025 0.854930
-0.069812 -0.514025 0.854930
-0.112922 -0.865322 0.488331
0.112922 -0.865322 0.488331
-0.069812 -0.514025 0.854930
0.112922 -0.865322 0.488331
0.069812 -0.514025 0.854930
0.069812 -0.514025 0.854930
0.112922 -0.865322 0.488331
0.437992 -0.758624 0.482341
0.069812 -0.514025 0.854930
0.437992 -0.758624 0.482341
0.265451 -0.459772 0.847435
0.265451 -0.459772 0.847435
0.437992 -0.758624 0.482341
0.758624 -0.437992 0.482341
0.265451 -0.459772 0.847435
0.758624 -0.437992 0.482341
0.459772 -0.265451 0.847435
0.459772 -0.265451 0.847435
0.758624 -0.437992 0.482341
0.865322 -0.112922 0.488331
0.459772 -0.265451 0.847435
0.865322 -0.112922 0.488331
0.514025 -0.069812 0.854930
0.514025 -0.069812 0.854930
0.865322 -0.112922 0.488331
0.865322 0.112922 0.488331
0.514025 -0.069812 0.854930
0.865322 0.112922 0.488331
0.514025 0.069812 0.854930
0.514025 0.069812 0.854930
0.865322 0.112922 0.488331
0.758624 0.437992 0.482341
0.514025 0.069812 0.854930
0.758624 0.437992 0.482341
0.459772 0.265451 0.847435
0.459772 0.265451 0.847435
0.758624 0.437992 0.482341
0.437992 0.758624 0.482341
0.459772 0.265451 0.847435
0.437992 0.758624 0.482341
0.265451 0.459772 0.847435
0.265451 0.459772 0.847435
0.437992 0.758624 0.482341
0.112922 0.865322 0.488331
0.265451 0.459772 0.847435
0.112922 0.865322 0.488331
0.069812 0.514025 0.854930
0.069812 0.514025 0.854930
0.112922 0.865322 0.488331
-0.112922 0.865322 0.488331
0.069812 0.514025 0.854930
-0.112922 0.865322 0.488331
-0.069812 0.514025 0.854930
-0.112922 0.865322 0.488331
-0.128148 0.983441 0.128148
-0.495898 0.858921 0.127827
-0.112922 0.865322 0.488331
-0.495898 0.858921 0.127827
-0.437992 0.758624 0.482341
-0.437992 0.758624 0.482341
-0.495898 0.858921 0.127827
-0.858921 0.495898 0.127827
-0.437992 0.758624 0.482341
-0.858921 0.495898 0.127827
-0.758624 0.437992 0.482341
-0.758624 0.437992 0.482341
-0.858921 0.495898 0.127827
-0.983441 0.128148 0.128148
-0.758624 0.437992 0.482341
-0.983441 0.128148 0.128148
-0.865322 0.112922 0.488331
-0.865322 0.112922 0.488331
-0.983441 0.128148 0.128148
-0.983441 -0.128148 0.128148
-0.865322 0.112922 0.488331
-0.983441 -0.128148 0.128148
-0.865322 -0.112922 0.488331
-0.865322 -0.112922 0.488331
-0.983441 -0.128148 0.128148
-0.858921 -0.495898 0.127827
-0.865322 -0.112922 0.488331
-0.858921 -0.495898 0.127827
-0.758624 -0.437992 0.482341
-0.758624 -0.437992 0.482341
-0.858921 -0.495898 0.127827
-0.495898 -0.858921 0.127827
-0.758624 -0.437992 0.482341
-0.495898 -0.858921 0.127827
-0.437992 -0.758624 0.482341
-0.437992 -0.758624 0.482341
-0.495898 -0.858921 0.127827
-0.128148 -0.983441 0.128148
-0.437992 -0.758624 0.482341
-0.128148 -0.983441 0.128148
-0.112922 -0.865322 0.488331
-0.112922 -0.865322 0.488331
-0.128148 -0.983441 0.128148
0.128148 -0.983441 0.128148
-0.112922 -0.865322 0.488331
0.128148 -0.983441 0.128148
0.112922 -0.865322 0.488331
0.112922 -0.865322 0.488331
0.128148 -0.983441 0.128148
0.495898 -0.858921 0.127827
0.112922 -0.865322 0.488331
0.495898 -0.858921 0.127827
0.437992 -0.758624 0.482341
0.437992 -0.758624 0.482341
0.495898 -0.858921 0.127827
0.858921 -0.495898 0.127827
0.437992 -0.758624 0.482341
0.858921 -0.495898 0.127827
0.758624 -0.437992 0.482341
0.758624 -0.437992 0.482341
0.858921 -0.495898 0.127827
0.983441 -0.128148 0.128148
0.758624 -0.437992 0.482341
0.983441 -0.128148 0.128148
0.865322 -0.112922 0.488331
0.865322 -0.112922 0.488331
0.983441 -0.128148 0.128148
0.983441 0.128148 0.128148
0.865322 -0.112922 0.488331
0.983441 0.128148 0.128148
0.865322 0.112922 0.488331
0.865322 0.112922 0.488331
0.983441 0.128148 0.128148
0.858921 0.495898 0.127827
0.865322 0.112922 0.488331
0.858921 0.495898 0.127827
0.758624 0.437992 0.482341
0.758624 0.437992 0.482341
0.858921 0.495898 0.127827
0.495898 0.858921 0.127827
0.758624 0.437992 0.482341
0.495898 0.858921 0.127827
0.437992 0.758624 0.482341
0.437992 0.758624 0.482341
0.495898 0.858921 0.127827
0.128148 0.983441 0.128148
0.437992 0.758624 0.482341
0.128148 0.983441 0.128148
0.112922 0.865322 0.488331
0.112922 0.865322 0.488331
0.128148 0.983441 0.128148
-0.128148 0.983441 0.128148
0.112922 0.865322 0.488331
-0.128148 0.983441 0.128148
-0.112922 0.865322 0.488331
-0.128148 0.983441 0.128148
-0.128148 0.983441 -0.128148
-0.495898 0.858921 -0.127827
-0.128148 0.983441 0.128148
-0.495898 0.858921 -0.127827
-0.495898 0.858921 0.127827
-0.495898 0.858921 0.127827
-0.495898 0.858921 -0.127827
-0.858921 0.495898 -0.127827
-0.495898 0.858921 0.127827
-0.858921 0.495898 -0.127827
-0.858921 0.495898 0.127827
-0.858921 0.495898 0.127827
-0.858921 0.495898 -0.127827
-0.983441 0.128148 -0.128148
-0.858921 0.495898 0.127827
-0.983441 0.128148 -0.128148
-0.983441 0.128148 0.128148
-0.983441 0.128148 0.128148
-0.983441 0.128148 -0.128148
-0.983441 -0.128148 -0.128148
-0.983441 0.128148 0.128148
-0.983441 -0.128148 -0.128148
-0.983441 -0.128148 0.128148
-0.983441 -0.128148 0.128148
-0.983441 -0.128148 -0.128148
-0.858921 -0.495898 -0.127827
-0.983441 -0.128148 0.128148
-0.858921 -0.495898 -0.127827
-0.858921 -0.495898 0.127827
-0.858921 -0.495898 0.127827
-0.858921 -0.495898 -0.127827
-0.495898 -0.858921 -0.127827
-0.858921 -0.495898 0.127827
-0.495898 -0.858921 -0.127827
-0.495898 -0.858921 0.127827
-0.495898 -0.858921 0.127827
-0.495898 -0.858921 -0.127827
-0.128148 -0.983441 -0.128148
-0.495898 -0.858921 0.127827
-0.128148 -0.983441 -0.128148
-0.128148 -0.983441 0.128148
-0.128148 -0.983441 0.128148
-0.128148 -0.983441 -0.128148
0.128148 -0.983441 -0.128148
-0.128148 -0.983441 0.128148
0.128148 -0.983441 -0.128148
0.128148 -0.983441 0.128148
0.128148 -0.983441 0.128148
0.128148 -0.983441 -0.128148
0.495898 -0.858921 -0.127827
0.128148 -0.983441 0.128148
0.495898 -0.858921 -0.127827
0.495898 -0.858921 0.127827
0.495898 -0.858921 0.127827
0.495898 -0.858921 -0.127827
0.858921 -0.495898 -0.127827
0.495898 -0.858921 0.127827
0.858921 -0.495898 -0.127827
0.858921 -0.495898 0.127827
0.858921 -0.495898 0.127827
0.858921 -0.495898 -0.127827
0.983441 -0.128148 -0.128148
0.858921 -0.495898 0.127827
0.983441 -0.128148 -0.128148
0.983441 -0.128148 0.128148
0.983441 -0.128148 0.128148
0.983441 -0.128148 -0.128148
0.983441 0.128148 -0.128148
0.983441 -0.128148 0.128148
0.983441 0.128148 -0.128148
0.983441 0.128148 0.128148
0.983441 0.128148 0.128148
0.983441 0.128148 -0.128148
0.858921 0.495898 -0.127827
0.983441 0.128148 0.128148
0.858921 0.495898 -0.127827
0.858921 0.495898 0.127827
0.858921 0.495898 0.127827
0.858921 0.495898 -0.127827
0.495898 0.858921 -0.127827
0.858921 0.495898 0.127827
0.495898 0.858921 -0.127827
0.495898 0.858921 0.127827
0.495898 0.858921 0.127827
0.495898 0.858921 -0.127827
0.128148 0.983441 -0.128148
0.495898 0.858921 0.127827
0.128148 0.983441 -0.128148
0.128148 0.983441 0.128148
0.128148 0.983441 0.128148
0.128148 0.983441 -0.128148
-0.128148 0.983441 -0.128148
0.128148 0.983441 0.128148
-0.128148 0.983441 -0.128148
-0.128148 0.983441 0.128148
-0.128148 0.983441 -0.128148
-0.112922 0.865321 -0.488332
-0.437992 0.758623 -0.482342
-0.128148 0.983441 -0.128148
-0.437992 0.758623 -0.482342
-0.495898 0.858921 -0.127827
-0.495898 0.858921 -0.127827
-0.437992 0.758623 -0.482342
-0.758623 0.437992 -0.482342
-0.495898 0.858921 -0.127827
-0.758623 0.437992 -0.482342
-0.858921 0.495898 -0.127827
-0.858921 0.495898 -0.127827
-0.758623 0.437992 -0.482342
-0.865321 0.112922 -0.488332
-0.858921 0.495898 -0.127827
-0.865321 0.112922 -0.488332
-0.983441 0.128148 -0.128148
-0.983441 0.128148 -0.128148
-0.865321 0.112922 -0.488332
-0.865321 -0.112922 -0.488332
-0.983441 0.128148 -0.128148
-0.865321 -0.112922 -0.488332
-0.983441 -0.128148 -0.128148
-0.983441 -0.128148 -0.128148
-0.865321 -0.112922 -0.488332
-0.758623 -0.437992 -0.482342
-0.983441 -0.128148 -0.128148
-0.758623 -0.437992 -0.482342
-0.858921 -0.495898 -0.127827
-0.858921 -0.495898 -0.127827
-0.758623 -0.437992 -0.482342
-0.437992 -0.758623 -0.482342
-0.858921 -0.495898 -0.127827
-0.437992 -0.758623 -0.482342
-0.495898 -0.858921 -0.127827
-0.495898 -0.858921 -0.127827
-0.437992 -0.758623 -0.482342
-0.112922 -0.865321 -0.488332
-0.495898 -0.858921 -0.127827
-0.112922 -0.865321 -0.488332
-0.128148 -0.983441 -0.128148
-0.128148 -0.983441 -0.128148
-0.112922 -0.865321 -0.488332
0.112922 -0.865321 -0.488332
-0.128148 -0.983441 -0.128148
0.112922 -0.865321 -0.488332
0.128148 -0.983441 -0.128148
0.128148 -0.983441 -0.128148
0.112922 -0.865321 -0.488332
0.437992 -0.758623 -0.482342
0.128148 -0.983441 -0.128148
0.437992 -0.758623 -0.482342
0.495898 -0.858921 -0.127827
0.495898 -0.858921 -0.127827
0.437992 -0.758623 -0.482342
0.758623 -0.437992 -0.482342
0.495898 -0.858921 -0.127827
0.758623 -0.437992 -0.482342
0.858921 -0.495898 -0.127827
0.858921 -0.495898 -0.127827
0.758623 -0.437992 -0.482342
0.865321 -0.112922 -0.488332
0.858921 -0.495898 -0.127827
0.865321 -0.112922 -0.488332
0.983441 -0.128148 -0.128148
0.983441 -0.128148 -0.128148
0.865321 -0.112922 -0.488332
0.865321 0.112922 -0.488332
0.983441 -0.128148 -0.128148
0.865321 0.112922 -0.488332
0.983441 0.128148 -0.128148
0.983441 0.128148 -0.128148
0.865321 0.112922 -0.488332
0.758623 0.437992 -0.482342
0.983441 0.128148 -0.128148
0.758623 0.437992 -0.482342
0.858921 0.495898 -0.127827
0.858921 0.495898 -0.127827
0.758623 0.437992 -0.482342
0.437992 0.758623 -0.482342
0.858921 0.495898 -0.127827
0.437992 0.758623 -0.482342
0.495898 0.858921 -0.127827
0.495898 0.858921 -0.127827
0.437992 0.758623 -0.482342
0.112922 0.865321 -0.488332
0.495898 0.858921 -0.127827
0.112922 0.865321 -0.488332
0.128148 0.983441 -0.128148
0.128148 0.983441 -0.128148
0.112922 0.865321 -0.488332
-0.112922 0.865321 -0.488332
0.128148 0.983441 -0.128148
-0.112922 0.865321 -0.488332
-0.128148 0.983441 -0.128148
-0.112922 0.865321 -0.488332
-0.069812 0.514025 -0.854929
-0.265451 0.459772 -0.847435
-0.112922 0.865321 -0.488332
-0.265451 0.459772 -0.847435
-0.437992 0.758623 -0.482342
-0.437992 0.758623 -0.482342
-0.265451 0.459772 -0.847435
-0.459772 0.265451 -0.847435
-0.437992 0.758623 -0.482342
-0.459772 0.265451 -0.847435
-0.758623 0.437992 -0.482342
-0.758623 0.437992 -0.482342
-0.459772 0.265451 -0.847435
-0.514025 0.069812 -0.854930
-0.758623 0.437992 -0.482342
-0.514025 0.069812 -0.854930
-0.865321 0.112922 -0.488332
-0.865321 0.112922 -0.488332
-0.514025 0.069812 -0.854930
-0.514025 -0.069812 -0.854929
-0.865321 0.112922 -0.488332
-0.514025 -0.069812 -0.854929
-0.865321 -0.112922 -0.488332
-0.865321 -0.112922 -0.488332
-0.514025 -0.069812 -0.854929
-0.459772 -0.265451 -0.847435
-0.865321 -0.112922 -0.488332
-0.459772 -0.265451 -0.847435
-0.758623 -0.437992 -0.482342
-0.758623 -0.437992 -0.482342
-0.459772 -0.265451 -0.847435
-0.265451 -0.459772 -0.847435
-0.758623 -0.437992 -0.482342
-0.265451 -0.459772 -0.847435
-0.437992 -0.758623 -0.482342
-0.437992 -0.758623 -0.482342
-0.265451 -0.459772 -0.847435
-0.069812 -0.514025 -0.854930
-0.437992 -0.758623 -0.482342
-0.069812 -0.514025 -0.854930
-0.112922 -0.865321 -0.488332
-0.112922 -0.865321 -0.488332
-0.069812 -0.514025 -0.854930
0.069812 -0.514025 -0.854929
-0.112922 -0.865321 -0.488332
0.069812 -0.514025 -0.854929
0.112922 -0.865321 -0.488332
0.112922 -0.865321 -0.488332
0.069812 -0.514025 -0.854929
0.265451 -0.459772 -0.847435
0.112922 -0.865321 -0.488332
0.265451 -0.459772 -0.847435
0.437992 -0.758623 -0.482342
0.437992 -0.758623 -0.482342
0.265451 -0.459772 -0.847435
0.459772 -0.265451 -0.847435
0.437992 -0.758623 -0.482342
0.459772 -0.265451 -0.847435
0.758623 -0.437992 -0.482342
0.758623 -0.437992 -0.482342
0.459772 -0.265451 -0.847435
0.514025 -0.069812 -0.854930
0.758623 -0.437992 -0.482342
0.514025 -0.069812 -0.854930
0.865321 -0.112922 -0.488332
0.865321 -0.112922 -0.488332
0.514025 -0.069812 -0.854930
0.514025 0.069812 -0.854929
0.865321 -0.112922 -0.488332
0.514025 0.069812 -0.854929
0.865321 0.112922 -0.488332
0.865321 0.112922 -0.488332
0.514025 0.069812 -0.854929
0.459772 0.265451 -0.847435
0.865321 0.112922 -0.488332
0.459772 0.265451 -0.847435
0.758623 0.437992 -0.482342
0.758623 0.437992 -0.482342
0.459772 0.265451 -0.847435
0.265451 0.459772 -0.847435
0.758623 0.437992 -0.482342
0.265451 0.459772 -0.847435
0.437992 0.758623 -0.482342
0.437992 0.758623 -0.482342
0.265451 0.459772 -0.847435
0.069812 0.514025 -0.854930
0.437992 0.758623 -0.482342
0.069812 0.514025 -0.854930
0.112922 0.865321 -0.488332
0.112922 0.865321 -0.488332
0.069812 0.514025 -0.854930
-0.069812 0.514025 -0.854929
0.112922 0.865321 -0.488332
-0.069812 0.514025 -0.854929
-0.112922 0.865321 -0.488332
-0.069812 0.514025 -0.854929
-0.108729 0.108729 -0.988107
-0.265451 0.459772 -0.847435
-0.265451 0.459772 -0.847435
-0.108729 0.108729 -0.988107
-0.459772 0.265451 -0.847435
-0.459772 0.265451 -0.847435
-0.108729 0.108729 -0.988107
-0.514025 0.069812 -0.854930
-0.514025 0.069812 -0.854930
-0.108729 0.108729 -0.988107
-0.108729 -0.108729 -0.988107
-0.514025 0.069812 -0.854930
-0.108729 -0.108729 -0.988107
-0.514025 -0.069812 -0.854929
-0.514025 -0.069812 -0.854929
-0.108729 -0.108729 -0.988107
-0.459772 -0.265451 -0.847435
-0.459772 -0.265451 -0.847435
-0.108729 -0.108729 -0.988107
-0.265451 -0.459772 -0.847435
-0.265451 -0.459772 -0.847435
-0.108729 -0.108729 -0.988107
-0.069812 -0.514025 -0.854930
-0.069812 -0.514025 -0.854930
-0.108729 -0.108729 -0.988107
0.108729 -0.108729 -0.988107
-0.069812 -0.514025 -0.854930
0.108729 -0.108729 -0.988107
0.069812 -0.514025 -0.854929
0.069812 -0.514025 -0.854929
0.108729 -0.108729 -0.988107
0.265451 -0.459772 -0.847435
0.265451 -0.459772 -0.847435
0.108729 -0.108729 -0.988107
0.459772 -0.265451 -0.847435
0.459772 -0.265451 -0.847435
0.108729 -0.108729 -0.988107
0.514025 -0.069812 -0.854930
0.514025 -0.069812 -0.854930
0.108729 -0.108729 -0.988107
0.108729 0.108729 -0.988107
0.514025 -0.069812 -0.854930
0.108729 0.108729 -0.988107
0.514025 0.069812 -0.854929
0.514025 0.069812 -0.854929
0.108729 0.108729 -0.988107
0.459772 0.265451 -0.847435
0.459772 0.265451 -0.847435
0.108729 0.108729 -0.988107
0.265451 0.459772 -0.847435
0.265451 0.459772 -0.847435
0.108729 0.108729 -0.988107
0.069812 0.514025 -0.854930
0.069812 0.514025 -0.854930
0.108729 0.108729 -0.988107
-0.108729 0.108729 -0.988107
0.069812 0.514025 -0.854930
-0.108729 0.108729 -0.988107
-0.069812 0.514025 -0.854929
0.108729 0.108729 -0.988107
0.108729 -0.108729 -0.988107
-0.108729 -0.108729 -0.988107
0.108729 0.108729 -0.988107
-0.108729 -0.108729 -0.988107
-0.108729 0.108729 -0.988107
</float_array>
          <technique_common>
            <accessor source="#ChamferBox001-Normal0-array" count="612" stride="3">
              <param name="X" type="float"/>
              <param name="Y" type="float"/>
              <param name="Z" type="float"/>
            </accessor>
          </technique_common>
        </source>
        <source id="ChamferBox001-UV0">
          <float_array id="ChamferBox001-UV0-array" count="276">
0.020000 0.980000
0.980000 0.980000
0.020000 0.020000
0.980000 0.020000
0.020000 0.990000
0.015000 0.988660
0.011340 0.985000
0.010000 0.980000
0.010000 0.020000
0.011340 0.015000
0.015000 0.011340
0.020000 0.010000
0.980000 0.010000
0.985000 0.011340
0.988660 0.015000
0.990000 0.020000
0.990000 0.980000
0.988660 0.985000
0.985000 0.988660
0.980000 0.990000
0.020000 0.997321
0.011340 0.995000
0.005000 0.988660
0.002679 0.980000
0.002679 0.020000
0.005000 0.011340
0.011340 0.005000
0.020000 0.002679
0.980000 0.002679
0.988660 0.005000
0.995000 0.011340
0.997321 0.020000
0.997321 0.980000
0.995000 0.988660
0.988660 0.995000
0.980000 0.997321
0.020000 1.000000
0.010000 0.997321
0.002679 0.990000
0.000000 0.980000
0.000000 0.020000
0.002679 0.010000
0.010000 0.002679
0.020000 0.000000
0.980000 0.000000
0.990000 0.002679
0.997321 0.010000
1.000000 0.020000
1.000000 0.980000
0.997321 0.990000
0.990000 0.997321
0.980000 1.000000
0.000000 1.000000
0.002560 1.000000
0.005120 1.000000
0.007680 1.000000
0.245055 1.000000
0.247615 1.000000
0.250174 1.000000
0.252734 1.000000
0.490109 1.000000
0.492669 1.000000
0.495229 1.000000
0.497789 1.000000
0.735164 1.000000
0.737724 1.000000
0.740284 1.000000
0.742844 1.000000
0.000000 0.000000
0.002560 0.000000
0.005120 0.000000
0.007680 0.000000
0.245055 0.000000
0.247615 0.000000
0.250174 0.000000
0.252734 0.000000
0.490109 0.000000
0.492669 0.000000
0.495229 0.000000
0.497789 0.000000
0.735164 0.000000
0.737724 0.000000
0.740284 0.000000
0.742844 0.000000
0.020000 0.000000
0.010000 0.002679
0.002679 0.010000
0.000000 0.020000
0.000000 0.980000
0.002679 0.990000
0.010000 0.997321
0.020000 1.000000
0.980000 1.000000
0.990000 0.997321
0.997321 0.990000
1.000000 0.980000
1.000000 0.020000
0.997321 0.010000
0.990000 0.002679
0.980000 0.000000
0.020000 0.002679
0.011340 0.005000
0.005000 0.011340
0.002679 0.020000
0.002679 0.980000
0.005000 0.988660
0.011340 0.995000
0.020000 0.997321
0.980000 0.997321
0.988660 0.995000
0.995000 0.988660
0.997321 0.980000
0.997321 0.020000
0.995000 0.011340
0.988660 0.005000
0.980000 0.002679
0.020000 0.010000
0.015000 0.011340
0.011340 0.015000
0.010000 0.020000
0.010000 0.980000
0.011340 0.985000
0.015000 0.988660
0.020000 0.990000
0.980000 0.990000
0.985000 0.988660
0.988660 0.985000
0.990000 0.980000
0.990000 0.020000
0.988660 0.015000
0.985000 0.011340
0.980000 0.010000
0.980000 0.980000
0.020000 0.980000
0.980000 0.020000
0.020000 0.020000
1.000000 1.000000
1.000000 0.000000
</float_array>
          <technique_common>
            <accessor source="#ChamferBox001-UV0-array" count="138" stride="2">
              <param name="S" type="float"/>
              <param name="T" type="float"/>
            </accessor>
          </technique_common>
        </source>
        <vertices id="ChamferBox001-VERTEX">
          <input semantic="POSITION" source="#ChamferBox001-POSITION"/>
        </vertices>
        <triangles count="204" material="Ceramic/Porcelain Navy Blue"><input semantic="VERTEX" offset="0" source="#ChamferBox001-VERTEX"/><input semantic="NORMAL" offset="1" source="#ChamferBox001-Normal0"/><input semantic="TEXCOORD" offset="2" set="0" source="#ChamferBox001-UV0"/><p> 0 0 0 2 1 2 3 2 3 0 3 0 3 4 3 1 5 1 0 6 0 4 7 4 5 8 5 0 9 0 5 10 5 6 11 6 0 12 0 6 13 6 7 14 7 0 15 0 7 16 7 8 17 8 0 18 0 8 19 8 2 20 2 2 21 2 8 22 8 9 23 9 2 24 2 9 25 9 10 26 10 2 27 2 10 28 10 11 29 11 2 30 2 11 31 11 12 32 12 2 33 2 12 34 12 3 35 3 3 36 3 12 37 12 13 38 13 3 39 3 13 40 13 14 41 14 3 42 3 14 43 14 15 44 15 3 45 3 15 46 15 16 47 16 3 48 3 16 49 16 1 50 1 1 51 1 16 52 16 17 53 17 1 54 1 17 55 17 18 56 18 1 57 1 18 58 18 19 59 19 1 60 1 19 61 19 4 62 4 1 63 1 4 64 4 0 65 0 4 66 4 20 67 20 21 68 21 4 69 4 21 70 21 5 71 5 5 72 5 21 73 21 22 74 22 5 75 5 22 76 22 6 77 6 6 78 6 22 79 22 23 80 23 6 81 6 23 82 23 7 83 7 7 84 7 23 85 23 24 86 24 7 87 7 24 88 24 8 89 8 8 90 8 24 91 24 25 92 25 8 93 8 25 94 25 9 95 9 9 96 9 25 97 25 26 98 26 9 99 9 26 100 26 10 101 10 10 102 10 26 103 26 27 104 27 10 105 10 27 106 27 11 107 11 11 108 11 27 109 27 28 110 28 11 111 11 28 112 28 12 113 12 12 114 12 28 115 28 29 116 29 12 117 12 29 118 29 13 119 13 13 120 13 29 121 29 30 122 30 13 123 13 30 124 30 14 125 14 14 126 14 30 127 30 31 128 31 14 129 14 31 130 31 15 131 15 15 132 15 31 133 31 32 134 32 15 135 15 32 136 32 16 137 16 16 138 16 32 139 32 33 140 33 16 141 16 33 142 33 17 143 17 17 144 17 33 145 33 34 146 34 17 147 17 34 148 34 18 149 18 18 150 18 34 151 34 35 152 35 18 153 18 35 154 35 19 155 19 19 156 19 35 157 35 20 158 20 19 159 19 20 160 20 4 161 4 20 162 20 36 163 36 37 164 37 20 165 20 37 166 37 21 167 21 21 168 21 37 169 37 38 170 38 21 171 21 38 172 38 22 173 22 22 174 22 38 175 38 39 176 39 22 177 22 39 178 39 23 179 23 23 180 23 39 181 39 40 182 40 23 183 23 40 184 40 24 185 24 24 186 24 40 187 40 41 188 41 24 189 24 41 190 41 25 191 25 25 192 25 41 193 41 42 194 42 25 195 25 42 196 42 26 197 26 26 198 26 42 199 42 43 200 43 26 201 26 43 202 43 27 203 27 27 204 27 43 205 43 44 206 44 27 207 27 44 208 44 28 209 28 28 210 28 44 211 44 45 212 45 28 213 28 45 214 45 29 215 29 29 216 29 45 217 45 46 218 46 29 219 29 46 220 46 30 221 30 30 222 30 46 223 46 47 224 47 30 225 30 47 226 47 31 227 31 31 228 31 47 229 47 48 230 48 31 231 31 48 232 48 32 233 32 32 234 32 48 235 48 49 236 49 32 237 32 49 238 49 33 239 33 33 240 33 49 241 49 50 242 50 33 243 33 50 244 50 34 245 34 34 246 34 50 247 50 51 248 51 34 249 34 51 250 51 35 251 35 35 252 35 51 253 51 36 254 36 35 255 35 36 256 36 20 257 20 36 258 52 52 259 68 53 260 69 36 261 52 53 262 69 37 263 53 37 264 53 53 265 69 54 266 70 37 267 53 54 268 70 38 269 54 38 270 54 54 271 70 55 272 71 38 273 54 55 274 71 39 275 55 39 276 55 55 277 71 56 278 72 39 279 55 56 280 72 40 281 56 40 282 56 56 283 72 57 284 73 40 285 56 57 286 73 41 287 57 41 288 57 57 289 73 58 290 74 41 291 57 58 292 74 42 293 58 42 294 58 58 295 74 59 296 75 42 297 58 59 298 75 43 299 59 43 300 59 59 301 75 60 302 76 43 303 59 60 304 76 44 305 60 44 306 60 60 307 76 61 308 77 44 309 60 61 310 77 45 311 61 45 312 61 61 313 77 62 314 78 45 315 61 62 316 78 46 317 62 46 318 62 62 319 78 63 320 79 46 321 62 63 322 79 47 323 63 47 324 63 63 325 79 64 326 80 47 327 63 64 328 80 48 329 64 48 330 64 64 331 80 65 332 81 48 333 64 65 334 81 49 335 65 49 336 65 65 337 81 66 338 82 49 339 65 66 340 82 50 341 66 50 342 66 66 343 82 67 344 83 50 345 66 67 346 83 51 347 67 51 348 67 67 349 83 52 350 137 51 351 67 52 352 137 36 353 136 52 354 84 68 355 100 69 356 101 52 357 84 69 358 101 53 359 85 53 360 85 69 361 101 70 362 102 53 363 85 70 364 102 54 365 86 54 366 86 70 367 102 71 368 103 54 369 86 71 370 103 55 371 87 55 372 87 71 373 103 72 374 104 55 375 87 72 376 104 56 377 88 56 378 88 72 379 104 73 380 105 56 381 88 73 382 105 57 383 89 57 384 89 73 385 105 74 386 106 57 387 89 74 388 106 58 389 90 58 390 90 74 391 106 75 392 107 58 393 90 75 394 107 59 395 91 59 396 91 75 397 107 76 398 108 59 399 91 76 400 108 60 401 92 60 402 92 76 403 108 77 404 109 60 405 92 77 406 109 61 407 93 61 408 93 77 409 109 78 410 110 61 411 93 78 412 110 62 413 94 62 414 94 78 415 110 79 416 111 62 417 94 79 418 111 63 419 95 63 420 95 79 421 111 80 422 112 63 423 95 80 424 112 64 425 96 64 426 96 80 427 112 81 428 113 64 429 96 81 430 113 65 431 97 65 432 97 81 433 113 82 434 114 65 435 97 82 436 114 66 437 98 66 438 98 82 439 114 83 440 115 66 441 98 83 442 115 67 443 99 67 444 99 83 445 115 68 446 100 67 447 99 68 448 100 52 449 84 68 450 100 84 451 116 85 452 117 68 453 100 85 454 117 69 455 101 69 456 101 85 457 117 86 458 118 69 459 101 86 460 118 70 461 102 70 462 102 86 463 118 87 464 119 70 465 102 87 466 119 71 467 103 71 468 103 87 469 119 88 470 120 71 471 103 88 472 120 72 473 104 72 474 104 88 475 120 89 476 121 72 477 104 89 478 121 73 479 105 73 480 105 89 481 121 90 482 122 73 483 105 90 484 122 74 485 106 74 486 106 90 487 122 91 488 123 74 489 106 91 490 123 75 491 107 75 492 107 91 493 123 92 494 124 75 495 107 92 496 124 76 497 108 76 498 108 92 499 124 93 500 125 76 501 108 93 502 125 77 503 109 77 504 109 93 505 125 94 506 126 77 507 109 94 508 126 78 509 110 78 510 110 94 511 126 95 512 127 78 513 110 95 514 127 79 515 111 79 516 111 95 517 127 96 518 128 79 519 111 96 520 128 80 521 112 80 522 112 96 523 128 97 524 129 80 525 112 97 526 129 81 527 113 81 528 113 97 529 129 98 530 130 81 531 113 98 532 130 82 533 114 82 534 114 98 535 130 99 536 131 82 537 114 99 538 131 83 539 115 83 540 115 99 541 131 84 542 116 83 543 115 84 544 116 68 545 100 84 546 116 103 547 135 85 548 117 85 549 117 103 550 135 86 551 118 86 552 118 103 553 135 87 554 119 87 555 119 103 556 135 101 557 133 87 558 119 101 559 133 88 560 120 88 561 120 101 562 133 89 563 121 89 564 121 101 565 133 90 566 122 90 567 122 101 568 133 91 569 123 91 570 123 101 571 133 100 572 132 91 573 123 100 574 132 92 575 124 92 576 124 100 577 132 93 578 125 93 579 125 100 580 132 94 581 126 94 582 126 100 583 132 95 584 127 95 585 127 100 586 132 102 587 134 95 588 127 102 589 134 96 590 128 96 591 128 102 592 134 97 593 129 97 594 129 102 595 134 98 596 130 98 597 130 102 598 134 99 599 131 99 600 131 102 601 134 103 602 135 99 603 131 103 604 135 84 605 116 102 606 134 100 607 132 101 608 133 102 609 134 101 610 133 103 611 135</p></triangles>
      </mesh>
    </geometry>
  </library_geometries>
  <library_animations>
    <animation id="ChamferBox001-anim" name="ChamferBox001"><animation><source id="ChamferBox001-Matrix-animation-input"><float_array id="ChamferBox001-Matrix-animation-input-array" count="38">

0.000000 0.033333 0.066667 0.100000 0.133333 0.166667 0.200000 0.233333 0.266667 0.300000 0.333333 0.366667 0.400000 0.433333 0.466667 0.500000
0.533333 0.566667 0.600000 0.633333 0.666667 0.700000 0.733333 0.766667 0.800000 0.833333 0.866667 0.900000 0.933333 0.966667 1.000000 1.033333
1.066667 1.100000 1.133333 1.166667 1.200000 1.233333</float_array><technique_common><accessor source="#ChamferBox001-Matrix-animation-input-array" count="38"><param name="TIME" type="float"/></accessor></technique_common></source><source id="ChamferBox001-Matrix-animation-output-transform"><float_array id="ChamferBox001-Matrix-animation-output-transform-array" count="608">

0.999986 -0.000000 -0.005235 0.000000 0.005235 0.000000 0.999986 0.000000 0.000000 -1.000000 0.000000 0.000000 0.000000 0.000000 0.000000 1.000000
0.999967 -0.006701 -0.004492 0.000000 0.004410 -0.012115 0.999917 0.000000 -0.006755 -0.999904 -0.012086 0.000000 0.000000 0.000000 0.000000 1.000000
0.999705 -0.024048 -0.003327 0.000000 0.002283 -0.043340 0.999058 0.000000 -0.024169 -0.998771 -0.043273 0.000000 0.000000 0.000000 0.000000 1.000000
0.998849 -0.047840 -0.003500 0.000000 -0.000626 -0.085954 0.996299 0.000000 -0.047963 -0.995150 -0.085885 0.000000 0.000000 0.000000 0.000000 1.000000
0.997262 -0.073708 -0.006013 0.000000 -0.003795 -0.132199 0.991216 0.000000 -0.073855 -0.988479 -0.132116 0.000000 0.000000 0.000000 0.000000 1.000000
0.995206 -0.097246 -0.010448 0.000000 -0.006703 -0.174394 0.984653 0.000000 -0.097575 -0.979862 -0.174209 0.000000 0.000000 0.000000 0.000000 1.000000
0.993339 -0.114252 -0.014975 0.000000 -0.008831 -0.205059 0.978710 0.000000 -0.114891 -0.972058 -0.204702 0.000000 0.000000 0.000000 0.000000 1.000000
0.992533 -0.120787 -0.017021 0.000000 -0.009656 -0.216900 0.976146 0.000000 -0.121597 -0.968692 -0.216446 0.000000 0.000000 0.000000 0.000000 1.000000
0.992959 -0.117398 -0.015836 0.000000 -0.009656 -0.213446 0.976907 0.000000 -0.118067 -0.969876 -0.213076 0.000000 0.000000 0.000000 0.000000 1.000000
0.994085 -0.107869 -0.012647 0.000000 -0.009656 -0.203762 0.978973 0.000000 -0.108177 -0.973060 -0.203598 0.000000 0.000000 0.000000 0.000000 1.000000
0.995622 -0.093118 -0.008119 0.000000 -0.009656 -0.188854 0.981958 0.000000 -0.092971 -0.977580 -0.188927 0.000000 0.000000 0.000000 0.000000 1.000000
0.997249 -0.074063 -0.002985 0.000000 -0.009656 -0.169725 0.985444 0.000000 -0.073492 -0.982704 -0.169974 0.000000 0.000000 0.000000 0.000000 1.000000
0.998663 -0.051661 0.002051 0.000000 -0.009656 -0.147388 0.989032 0.000000 -0.050792 -0.987729 -0.147690 0.000000 0.000000 0.000000 0.000000 1.000000
0.999617 -0.026928 0.006392 0.000000 -0.009656 -0.122872 0.992376 0.000000 -0.025937 -0.992057 -0.123085 0.000000 0.000000 0.000000 0.000000 1.000000
0.999953 -0.000939 0.009610 0.000000 -0.009656 -0.097226 0.995215 0.000000 0.000000 -0.995262 -0.097231 0.000000 0.000000 0.000000 0.000000 1.000000
0.999617 0.025181 0.011483 0.000000 -0.009656 -0.071516 0.997393 0.000000 0.025937 -0.997122 -0.071245 0.000000 0.000000 0.000000 0.000000 1.000000
0.998663 0.050288 0.012011 0.000000 -0.009656 -0.046816 0.998857 0.000000 0.050793 -0.997637 -0.046268 0.000000 0.000000 0.000000 0.000000 1.000000
0.997249 0.073241 0.011406 0.000000 -0.009656 -0.024206 0.999660 0.000000 0.073492 -0.997020 -0.023433 0.000000 0.000000 0.000000 0.000000 1.000000
0.995622 0.092928 0.010057 0.000000 -0.009656 -0.004764 0.999942 0.000000 0.092971 -0.995661 -0.003846 0.000000 0.000000 0.000000 0.000000 1.000000
0.994085 0.108277 0.008469 0.000000 -0.009656 0.010439 0.999899 0.000000 0.108177 -0.994066 0.011423 0.000000 0.000000 0.000000 0.000000 1.000000
0.992959 0.118244 0.007185 0.000000 -0.009656 0.020340 0.999747 0.000000 0.118068 -0.992776 0.021338 0.000000 0.000000 0.000000 0.000000 1.000000
0.992533 0.121797 0.006678 0.000000 -0.009656 0.023876 0.999668 0.000000 0.121597 -0.992268 0.024873 0.000000 0.000000 0.000000 0.000000 1.000000
0.992699 0.120433 0.006744 0.000000 -0.009656 0.023608 0.999675 0.000000 0.120235 -0.992441 0.024598 0.000000 0.000000 0.000000 0.000000 1.000000
0.993157 0.116578 0.006928 0.000000 -0.009656 0.022850 0.999692 0.000000 0.116383 -0.992919 0.023819 0.000000 0.000000 0.000000 0.000000 1.000000
0.993841 0.110583 0.007202 0.000000 -0.009656 0.021672 0.999719 0.000000 0.110396 -0.993631 0.022606 0.000000 0.000000 0.000000 0.000000 1.000000
0.994673 0.102803 0.007535 0.000000 -0.009656 0.020145 0.999750 0.000000 0.102626 -0.994498 0.021030 0.000000 0.000000 0.000000 0.000000 1.000000
0.995580 0.093589 0.007899 0.000000 -0.009656 0.018338 0.999785 0.000000 0.093424 -0.995442 0.019161 0.000000 0.000000 0.000000 0.000000 1.000000
0.996491 0.083295 0.008264 0.000000 -0.009656 0.016322 0.999820 0.000000 0.083146 -0.996391 0.017069 0.000000 0.000000 0.000000 0.000000 1.000000
0.997347 0.072277 0.008608 0.000000 -0.009656 0.014165 0.999853 0.000000 0.072145 -0.997284 0.014825 0.000000 0.000000 0.000000 0.000000 1.000000
0.998105 0.060892 0.008912 0.000000 -0.009656 0.011939 0.999882 0.000000 0.060778 -0.998073 0.012504 0.000000 0.000000 0.000000 0.000000 1.000000
0.998732 0.049497 0.009164 0.000000 -0.009656 0.009712 0.999906 0.000000 0.049403 -0.998727 0.010178 0.000000 0.000000 0.000000 0.000000 1.000000
0.999217 0.038454 0.009358 0.000000 -0.009656 0.007556 0.999925 0.000000 0.038380 -0.999232 0.007921 0.000000 0.000000 0.000000 0.000000 1.000000
0.999559 0.028121 0.009496 0.000000 -0.009656 0.005539 0.999938 0.000000 0.028067 -0.999589 0.005808 0.000000 0.000000 0.000000 0.000000 1.000000
0.999776 0.018860 0.009584 0.000000 -0.009656 0.003732 0.999946 0.000000 0.018823 -0.999815 0.003913 0.000000 0.000000 0.000000 0.000000 1.000000
0.999893 0.011031 0.009631 0.000000 -0.009656 0.002204 0.999951 0.000000 0.011009 -0.999937 0.002310 0.000000 0.000000 0.000000 0.000000 1.000000
0.999941 0.004993 0.009651 0.000000 -0.009656 0.001026 0.999953 0.000000 0.004983 -0.999987 0.001075 0.000000 0.000000 0.000000 0.000000 1.000000
0.999953 0.001107 0.009655 0.000000 -0.009656 0.000268 0.999953 0.000000 0.001104 -0.999999 0.000279 0.000000 0.000000 0.000000 0.000000 1.000000
0.999953 -0.000268 0.009656 0.000000 -0.009656 -0.000000 0.999953 0.000000 -0.000268 -1.000000 -0.000003 0.000000 0.000000 0.000000 0.000000 1.000000</float_array><technique_common><accessor source="#ChamferBox001-Matrix-animation-output-transform-array" count="38" stride="16"><param type="float4x4"/></accessor></technique_common></source><source id="ChamferBox001-Interpolations"><Name_array id="ChamferBox001-Interpolations-array" count="38">
 LINEAR LINEAR LINEAR LINEAR LINEAR LINEAR LINEAR LINEAR LINEAR LINEAR LINEAR
LINEAR LINEAR LINEAR LINEAR LINEAR LINEAR LINEAR LINEAR LINEAR LINEAR LINEAR LINEAR
LINEAR LINEAR LINEAR LINEAR LINEAR LINEAR LINEAR LINEAR LINEAR LINEAR LINEAR LINEAR
